{
 "cells": [
  {
   "cell_type": "markdown",
   "id": "4a5277f9-642f-475a-8a41-a30147ccbe12",
   "metadata": {},
   "source": [
    "# Turkey Earthquake Prediction with Deep Learning Algorithm Master Project"
   ]
  },
  {
   "cell_type": "markdown",
   "id": "090c0436-cd3f-423a-9086-51d979fa0bb5",
   "metadata": {},
   "source": [
    "## Import Libraries & Framework"
   ]
  },
  {
   "cell_type": "code",
   "execution_count": 1,
   "id": "85f3dc36-c674-4e4a-bf32-faf100f7a4b2",
   "metadata": {},
   "outputs": [],
   "source": [
    "import numpy as np\n",
    "import pandas as pd\n",
    "from ydata_profiling import ProfileReport\n",
    "from tqdm import tqdm\n",
    "import os\n",
    "\n",
    "from tensorflow import keras\n",
    "from keras.models import Sequential\n",
    "from keras.layers import Dense\n",
    "from keras.layers import GRU\n",
    "from keras.layers import LSTM\n",
    "from keras.layers import SimpleRNN\n",
    "from keras.layers import Bidirectional\n",
    "\n",
    "from keras.preprocessing.sequence import TimeseriesGenerator\n",
    "from keras.callbacks import ModelCheckpoint\n",
    "\n",
    "from sklearn.metrics import mean_squared_error, mean_absolute_error\n",
    "from statsmodels.graphics.tsaplots import plot_acf\n",
    "\n",
    "from src.utils import get_project_config\n",
    "\n",
    "import matplotlib.pyplot as plt\n",
    "import seaborn as sns\n",
    "\n",
    "import warnings\n",
    "warnings.filterwarnings(action=\"ignore\")"
   ]
  },
  {
   "cell_type": "code",
   "execution_count": 2,
   "id": "57dd2f1b-7fcb-4bb4-8c4e-7a9f5e1d9499",
   "metadata": {},
   "outputs": [],
   "source": [
    "%matplotlib inline"
   ]
  },
  {
   "cell_type": "markdown",
   "id": "e9f765ad-6635-4b64-8fe2-0fb45d0200e6",
   "metadata": {},
   "source": [
    "## Load Project Config & Set Variables"
   ]
  },
  {
   "cell_type": "code",
   "execution_count": 3,
   "id": "4aa7de86-9de2-4702-ab95-f3fbe51ed31e",
   "metadata": {},
   "outputs": [
    {
     "data": {
      "text/plain": [
       "{'data': {'folderName': 'data',\n",
       "  'rawData': 'data/raw',\n",
       "  'processedData': 'data/processed',\n",
       "  'resultData': 'data/result'},\n",
       " 'reports': {'folderName': 'reports'},\n",
       " 'models': {'folderName': 'models'}}"
      ]
     },
     "execution_count": 3,
     "metadata": {},
     "output_type": "execute_result"
    }
   ],
   "source": [
    "# Load Project Config\n",
    "project_cfg = get_project_config(\"config.json\",)\n",
    "project_cfg"
   ]
  },
  {
   "cell_type": "code",
   "execution_count": 4,
   "id": "b4eae983-8c8c-4cc3-b484-813973aeca53",
   "metadata": {},
   "outputs": [],
   "source": [
    "# Set Constant Variables\n",
    "\n",
    "RAW_DATA_PATH = project_cfg[\"data\"][\"rawData\"]\n",
    "# RAW_DATA_PATH\n",
    "\n",
    "PREPROCESSED_DATA_PATH = project_cfg[\"data\"][\"processedData\"]\n",
    "# PREPROCESSED_DATA_PATH\n",
    "\n",
    "RESULT_DATA_PATH = project_cfg[\"data\"][\"resultData\"]\n",
    "# RESULT_DATA_PATH\n",
    "\n",
    "REPORTS_PATH = project_cfg[\"reports\"][\"folderName\"]\n",
    "# REPORTS_PATH\n",
    "\n",
    "MODELS_PATH = project_cfg[\"models\"][\"folderName\"]\n",
    "# MODELS_PATH"
   ]
  },
  {
   "cell_type": "code",
   "execution_count": 5,
   "id": "1fab4c13-e79c-4747-8a85-59df84a38d57",
   "metadata": {},
   "outputs": [],
   "source": [
    "# Create Some Directories\n",
    "os.makedirs(name=MODELS_PATH, exist_ok=True)\n",
    "os.makedirs(name=REPORTS_PATH, exist_ok=True)"
   ]
  },
  {
   "cell_type": "markdown",
   "id": "cb7d14a1-a326-4c81-b2d4-66442a48293c",
   "metadata": {},
   "source": [
    "## Data Load"
   ]
  },
  {
   "cell_type": "code",
   "execution_count": 6,
   "id": "1f60c560-4adc-4309-8354-f719dc26d6eb",
   "metadata": {},
   "outputs": [
    {
     "data": {
      "text/html": [
       "<div>\n",
       "<style scoped>\n",
       "    .dataframe tbody tr th:only-of-type {\n",
       "        vertical-align: middle;\n",
       "    }\n",
       "\n",
       "    .dataframe tbody tr th {\n",
       "        vertical-align: top;\n",
       "    }\n",
       "\n",
       "    .dataframe thead th {\n",
       "        text-align: right;\n",
       "    }\n",
       "</style>\n",
       "<table border=\"1\" class=\"dataframe\">\n",
       "  <thead>\n",
       "    <tr style=\"text-align: right;\">\n",
       "      <th></th>\n",
       "      <th>time</th>\n",
       "      <th>Latitude</th>\n",
       "      <th>Longitude</th>\n",
       "      <th>Depth</th>\n",
       "      <th>Source No 2</th>\n",
       "      <th>Source Description 2</th>\n",
       "      <th>Type</th>\n",
       "      <th>Magnitude</th>\n",
       "      <th>Source No 3</th>\n",
       "      <th>Source Description 3</th>\n",
       "    </tr>\n",
       "  </thead>\n",
       "  <tbody>\n",
       "    <tr>\n",
       "      <th>0</th>\n",
       "      <td>10/14/2018 15:08</td>\n",
       "      <td>36.8578</td>\n",
       "      <td>44.4161</td>\n",
       "      <td>16.97</td>\n",
       "      <td>7</td>\n",
       "      <td>AFAD-DDA</td>\n",
       "      <td>Mw</td>\n",
       "      <td>4.0</td>\n",
       "      <td>7</td>\n",
       "      <td>AFAD-DDA</td>\n",
       "    </tr>\n",
       "    <tr>\n",
       "      <th>1</th>\n",
       "      <td>10/10/2018 9:08</td>\n",
       "      <td>37.4341</td>\n",
       "      <td>35.8520</td>\n",
       "      <td>7.02</td>\n",
       "      <td>7</td>\n",
       "      <td>AFAD-DDA</td>\n",
       "      <td>Mw</td>\n",
       "      <td>4.1</td>\n",
       "      <td>7</td>\n",
       "      <td>AFAD-DDA</td>\n",
       "    </tr>\n",
       "    <tr>\n",
       "      <th>2</th>\n",
       "      <td>10/2/2018 15:29</td>\n",
       "      <td>37.6878</td>\n",
       "      <td>37.4016</td>\n",
       "      <td>10.27</td>\n",
       "      <td>7</td>\n",
       "      <td>AFAD-DDA</td>\n",
       "      <td>Mw</td>\n",
       "      <td>4.4</td>\n",
       "      <td>7</td>\n",
       "      <td>AFAD-DDA</td>\n",
       "    </tr>\n",
       "    <tr>\n",
       "      <th>3</th>\n",
       "      <td>9/28/2018 0:26</td>\n",
       "      <td>37.2003</td>\n",
       "      <td>30.4376</td>\n",
       "      <td>78.07</td>\n",
       "      <td>7</td>\n",
       "      <td>AFAD-DDA</td>\n",
       "      <td>Mw</td>\n",
       "      <td>4.0</td>\n",
       "      <td>7</td>\n",
       "      <td>AFAD-DDA</td>\n",
       "    </tr>\n",
       "    <tr>\n",
       "      <th>4</th>\n",
       "      <td>9/26/2018 2:52</td>\n",
       "      <td>35.6846</td>\n",
       "      <td>26.7266</td>\n",
       "      <td>42.77</td>\n",
       "      <td>7</td>\n",
       "      <td>AFAD-DDA</td>\n",
       "      <td>Mw</td>\n",
       "      <td>4.5</td>\n",
       "      <td>7</td>\n",
       "      <td>AFAD-DDA</td>\n",
       "    </tr>\n",
       "    <tr>\n",
       "      <th>...</th>\n",
       "      <td>...</td>\n",
       "      <td>...</td>\n",
       "      <td>...</td>\n",
       "      <td>...</td>\n",
       "      <td>...</td>\n",
       "      <td>...</td>\n",
       "      <td>...</td>\n",
       "      <td>...</td>\n",
       "      <td>...</td>\n",
       "      <td>...</td>\n",
       "    </tr>\n",
       "    <tr>\n",
       "      <th>6569</th>\n",
       "      <td>2/6/1900 15:09</td>\n",
       "      <td>38.1200</td>\n",
       "      <td>31.2900</td>\n",
       "      <td>10.00</td>\n",
       "      <td>2</td>\n",
       "      <td>Ambraseys-Finkel 1987</td>\n",
       "      <td>MS</td>\n",
       "      <td>5.7</td>\n",
       "      <td>2</td>\n",
       "      <td>Ambraseys-Finkel 1987</td>\n",
       "    </tr>\n",
       "    <tr>\n",
       "      <th>6570</th>\n",
       "      <td>1/30/1900 1:00</td>\n",
       "      <td>37.8300</td>\n",
       "      <td>27.7100</td>\n",
       "      <td>10.00</td>\n",
       "      <td>2</td>\n",
       "      <td>Ambraseys-Finkel 1987</td>\n",
       "      <td>MS</td>\n",
       "      <td>4.4</td>\n",
       "      <td>2</td>\n",
       "      <td>Ambraseys-Finkel 1987</td>\n",
       "    </tr>\n",
       "    <tr>\n",
       "      <th>6571</th>\n",
       "      <td>1/27/1900 2:30</td>\n",
       "      <td>37.6300</td>\n",
       "      <td>37.3700</td>\n",
       "      <td>10.00</td>\n",
       "      <td>2</td>\n",
       "      <td>Ambraseys-Finkel 1987</td>\n",
       "      <td>MS</td>\n",
       "      <td>4.8</td>\n",
       "      <td>2</td>\n",
       "      <td>Ambraseys-Finkel 1987</td>\n",
       "    </tr>\n",
       "    <tr>\n",
       "      <th>6572</th>\n",
       "      <td>1/24/1900 3:00</td>\n",
       "      <td>39.5400</td>\n",
       "      <td>26.1400</td>\n",
       "      <td>10.00</td>\n",
       "      <td>2</td>\n",
       "      <td>Ambraseys-Finkel 1987</td>\n",
       "      <td>MS</td>\n",
       "      <td>5.2</td>\n",
       "      <td>2</td>\n",
       "      <td>Ambraseys-Finkel 1987</td>\n",
       "    </tr>\n",
       "    <tr>\n",
       "      <th>6573</th>\n",
       "      <td>1/18/1900 15:30</td>\n",
       "      <td>37.7900</td>\n",
       "      <td>28.2100</td>\n",
       "      <td>10.00</td>\n",
       "      <td>2</td>\n",
       "      <td>Ambraseys-Finkel 1987</td>\n",
       "      <td>MS</td>\n",
       "      <td>4.4</td>\n",
       "      <td>2</td>\n",
       "      <td>Ambraseys-Finkel 1987</td>\n",
       "    </tr>\n",
       "  </tbody>\n",
       "</table>\n",
       "<p>6574 rows × 10 columns</p>\n",
       "</div>"
      ],
      "text/plain": [
       "                  time  Latitude  Longitude  Depth  Source No 2  \\\n",
       "0     10/14/2018 15:08   36.8578    44.4161  16.97            7   \n",
       "1      10/10/2018 9:08   37.4341    35.8520   7.02            7   \n",
       "2      10/2/2018 15:29   37.6878    37.4016  10.27            7   \n",
       "3       9/28/2018 0:26   37.2003    30.4376  78.07            7   \n",
       "4       9/26/2018 2:52   35.6846    26.7266  42.77            7   \n",
       "...                ...       ...        ...    ...          ...   \n",
       "6569    2/6/1900 15:09   38.1200    31.2900  10.00            2   \n",
       "6570    1/30/1900 1:00   37.8300    27.7100  10.00            2   \n",
       "6571    1/27/1900 2:30   37.6300    37.3700  10.00            2   \n",
       "6572    1/24/1900 3:00   39.5400    26.1400  10.00            2   \n",
       "6573   1/18/1900 15:30   37.7900    28.2100  10.00            2   \n",
       "\n",
       "       Source Description 2 Type  Magnitude  Source No 3  \\\n",
       "0                  AFAD-DDA   Mw        4.0            7   \n",
       "1                  AFAD-DDA   Mw        4.1            7   \n",
       "2                  AFAD-DDA   Mw        4.4            7   \n",
       "3                  AFAD-DDA   Mw        4.0            7   \n",
       "4                  AFAD-DDA   Mw        4.5            7   \n",
       "...                     ...  ...        ...          ...   \n",
       "6569  Ambraseys-Finkel 1987   MS        5.7            2   \n",
       "6570  Ambraseys-Finkel 1987   MS        4.4            2   \n",
       "6571  Ambraseys-Finkel 1987   MS        4.8            2   \n",
       "6572  Ambraseys-Finkel 1987   MS        5.2            2   \n",
       "6573  Ambraseys-Finkel 1987   MS        4.4            2   \n",
       "\n",
       "       Source Description 3  \n",
       "0                  AFAD-DDA  \n",
       "1                  AFAD-DDA  \n",
       "2                  AFAD-DDA  \n",
       "3                  AFAD-DDA  \n",
       "4                  AFAD-DDA  \n",
       "...                     ...  \n",
       "6569  Ambraseys-Finkel 1987  \n",
       "6570  Ambraseys-Finkel 1987  \n",
       "6571  Ambraseys-Finkel 1987  \n",
       "6572  Ambraseys-Finkel 1987  \n",
       "6573  Ambraseys-Finkel 1987  \n",
       "\n",
       "[6574 rows x 10 columns]"
      ]
     },
     "execution_count": 6,
     "metadata": {},
     "output_type": "execute_result"
    }
   ],
   "source": [
    "# Read Data\n",
    "df_data = pd.read_csv(os.path.join(RAW_DATA_PATH, \"TurkeyEarthquakeData.xls\"))\n",
    "df_data"
   ]
  },
  {
   "cell_type": "code",
   "execution_count": 7,
   "id": "8abb9af2-4bf4-43da-8bb7-c0134f735b5e",
   "metadata": {},
   "outputs": [
    {
     "data": {
      "text/plain": [
       "(6574, 10)"
      ]
     },
     "execution_count": 7,
     "metadata": {},
     "output_type": "execute_result"
    }
   ],
   "source": [
    "# Show Data Shape Info\n",
    "df_data.shape"
   ]
  },
  {
   "cell_type": "code",
   "execution_count": 8,
   "id": "f68dfd1c-84e6-4317-be29-d752e64b97c7",
   "metadata": {},
   "outputs": [
    {
     "name": "stdout",
     "output_type": "stream",
     "text": [
      "<class 'pandas.core.frame.DataFrame'>\n",
      "RangeIndex: 6574 entries, 0 to 6573\n",
      "Data columns (total 10 columns):\n",
      " #   Column                Non-Null Count  Dtype  \n",
      "---  ------                --------------  -----  \n",
      " 0   time                  6574 non-null   object \n",
      " 1   Latitude              6574 non-null   float64\n",
      " 2   Longitude             6574 non-null   float64\n",
      " 3   Depth                 6574 non-null   float64\n",
      " 4   Source No 2           6574 non-null   int64  \n",
      " 5   Source Description 2  6574 non-null   object \n",
      " 6   Type                  6574 non-null   object \n",
      " 7   Magnitude             6574 non-null   float64\n",
      " 8   Source No 3           6574 non-null   int64  \n",
      " 9   Source Description 3  6574 non-null   object \n",
      "dtypes: float64(4), int64(2), object(4)\n",
      "memory usage: 513.7+ KB\n"
     ]
    }
   ],
   "source": [
    "# Show Data Information\n",
    "df_data.info()"
   ]
  },
  {
   "cell_type": "code",
   "execution_count": 9,
   "id": "48179710-a03b-4b72-a663-45ba2b03b3b4",
   "metadata": {},
   "outputs": [],
   "source": [
    "# Copy df_data\n",
    "df_data_original = df_data.copy()"
   ]
  },
  {
   "cell_type": "code",
   "execution_count": 10,
   "id": "48d29069-f201-4598-b6da-d30857aea29f",
   "metadata": {},
   "outputs": [],
   "source": [
    "# Choose Using features\n",
    "df_data = df_data[['time', 'Latitude', 'Longitude', 'Depth', 'Magnitude' ]]"
   ]
  },
  {
   "cell_type": "code",
   "execution_count": 11,
   "id": "ff5803e9-1a0b-4bb9-ae52-559dc302e700",
   "metadata": {
    "scrolled": true
   },
   "outputs": [
    {
     "data": {
      "text/html": [
       "<div>\n",
       "<style scoped>\n",
       "    .dataframe tbody tr th:only-of-type {\n",
       "        vertical-align: middle;\n",
       "    }\n",
       "\n",
       "    .dataframe tbody tr th {\n",
       "        vertical-align: top;\n",
       "    }\n",
       "\n",
       "    .dataframe thead th {\n",
       "        text-align: right;\n",
       "    }\n",
       "</style>\n",
       "<table border=\"1\" class=\"dataframe\">\n",
       "  <thead>\n",
       "    <tr style=\"text-align: right;\">\n",
       "      <th></th>\n",
       "      <th>Time</th>\n",
       "      <th>Latitude</th>\n",
       "      <th>Longitude</th>\n",
       "      <th>Depth</th>\n",
       "      <th>Magnitude</th>\n",
       "    </tr>\n",
       "  </thead>\n",
       "  <tbody>\n",
       "    <tr>\n",
       "      <th>0</th>\n",
       "      <td>2018-10-14 15:08:00</td>\n",
       "      <td>36.8578</td>\n",
       "      <td>44.4161</td>\n",
       "      <td>16.97</td>\n",
       "      <td>4.0</td>\n",
       "    </tr>\n",
       "    <tr>\n",
       "      <th>1</th>\n",
       "      <td>2018-10-10 09:08:00</td>\n",
       "      <td>37.4341</td>\n",
       "      <td>35.8520</td>\n",
       "      <td>7.02</td>\n",
       "      <td>4.1</td>\n",
       "    </tr>\n",
       "    <tr>\n",
       "      <th>2</th>\n",
       "      <td>2018-10-02 15:29:00</td>\n",
       "      <td>37.6878</td>\n",
       "      <td>37.4016</td>\n",
       "      <td>10.27</td>\n",
       "      <td>4.4</td>\n",
       "    </tr>\n",
       "    <tr>\n",
       "      <th>3</th>\n",
       "      <td>2018-09-28 00:26:00</td>\n",
       "      <td>37.2003</td>\n",
       "      <td>30.4376</td>\n",
       "      <td>78.07</td>\n",
       "      <td>4.0</td>\n",
       "    </tr>\n",
       "    <tr>\n",
       "      <th>4</th>\n",
       "      <td>2018-09-26 02:52:00</td>\n",
       "      <td>35.6846</td>\n",
       "      <td>26.7266</td>\n",
       "      <td>42.77</td>\n",
       "      <td>4.5</td>\n",
       "    </tr>\n",
       "    <tr>\n",
       "      <th>...</th>\n",
       "      <td>...</td>\n",
       "      <td>...</td>\n",
       "      <td>...</td>\n",
       "      <td>...</td>\n",
       "      <td>...</td>\n",
       "    </tr>\n",
       "    <tr>\n",
       "      <th>6569</th>\n",
       "      <td>1900-02-06 15:09:00</td>\n",
       "      <td>38.1200</td>\n",
       "      <td>31.2900</td>\n",
       "      <td>10.00</td>\n",
       "      <td>5.7</td>\n",
       "    </tr>\n",
       "    <tr>\n",
       "      <th>6570</th>\n",
       "      <td>1900-01-30 01:00:00</td>\n",
       "      <td>37.8300</td>\n",
       "      <td>27.7100</td>\n",
       "      <td>10.00</td>\n",
       "      <td>4.4</td>\n",
       "    </tr>\n",
       "    <tr>\n",
       "      <th>6571</th>\n",
       "      <td>1900-01-27 02:30:00</td>\n",
       "      <td>37.6300</td>\n",
       "      <td>37.3700</td>\n",
       "      <td>10.00</td>\n",
       "      <td>4.8</td>\n",
       "    </tr>\n",
       "    <tr>\n",
       "      <th>6572</th>\n",
       "      <td>1900-01-24 03:00:00</td>\n",
       "      <td>39.5400</td>\n",
       "      <td>26.1400</td>\n",
       "      <td>10.00</td>\n",
       "      <td>5.2</td>\n",
       "    </tr>\n",
       "    <tr>\n",
       "      <th>6573</th>\n",
       "      <td>1900-01-18 15:30:00</td>\n",
       "      <td>37.7900</td>\n",
       "      <td>28.2100</td>\n",
       "      <td>10.00</td>\n",
       "      <td>4.4</td>\n",
       "    </tr>\n",
       "  </tbody>\n",
       "</table>\n",
       "<p>6574 rows × 5 columns</p>\n",
       "</div>"
      ],
      "text/plain": [
       "                     Time  Latitude  Longitude  Depth  Magnitude\n",
       "0     2018-10-14 15:08:00   36.8578    44.4161  16.97        4.0\n",
       "1     2018-10-10 09:08:00   37.4341    35.8520   7.02        4.1\n",
       "2     2018-10-02 15:29:00   37.6878    37.4016  10.27        4.4\n",
       "3     2018-09-28 00:26:00   37.2003    30.4376  78.07        4.0\n",
       "4     2018-09-26 02:52:00   35.6846    26.7266  42.77        4.5\n",
       "...                   ...       ...        ...    ...        ...\n",
       "6569  1900-02-06 15:09:00   38.1200    31.2900  10.00        5.7\n",
       "6570  1900-01-30 01:00:00   37.8300    27.7100  10.00        4.4\n",
       "6571  1900-01-27 02:30:00   37.6300    37.3700  10.00        4.8\n",
       "6572  1900-01-24 03:00:00   39.5400    26.1400  10.00        5.2\n",
       "6573  1900-01-18 15:30:00   37.7900    28.2100  10.00        4.4\n",
       "\n",
       "[6574 rows x 5 columns]"
      ]
     },
     "execution_count": 11,
     "metadata": {},
     "output_type": "execute_result"
    }
   ],
   "source": [
    "# Rename Column Name & Convert Datetime Format\n",
    "df_data.rename(columns={'time':'Time'}, inplace=True)\n",
    "df_data\n",
    "\n",
    "df_data['Time'] = pd.to_datetime(df_data['Time'])\n",
    "df_data['Time'] = df_data['Time'].dt.strftime('%Y-%m-%d %H:%M:%S')\n",
    "df_data"
   ]
  },
  {
   "cell_type": "code",
   "execution_count": 12,
   "id": "63b74098-adf0-413a-94cb-62125b031468",
   "metadata": {},
   "outputs": [
    {
     "data": {
      "text/html": [
       "<div>\n",
       "<style scoped>\n",
       "    .dataframe tbody tr th:only-of-type {\n",
       "        vertical-align: middle;\n",
       "    }\n",
       "\n",
       "    .dataframe tbody tr th {\n",
       "        vertical-align: top;\n",
       "    }\n",
       "\n",
       "    .dataframe thead th {\n",
       "        text-align: right;\n",
       "    }\n",
       "</style>\n",
       "<table border=\"1\" class=\"dataframe\">\n",
       "  <thead>\n",
       "    <tr style=\"text-align: right;\">\n",
       "      <th></th>\n",
       "      <th>Latitude</th>\n",
       "      <th>Longitude</th>\n",
       "      <th>Depth</th>\n",
       "      <th>Magnitude</th>\n",
       "    </tr>\n",
       "    <tr>\n",
       "      <th>Time</th>\n",
       "      <th></th>\n",
       "      <th></th>\n",
       "      <th></th>\n",
       "      <th></th>\n",
       "    </tr>\n",
       "  </thead>\n",
       "  <tbody>\n",
       "    <tr>\n",
       "      <th>2018-10-14 15:08:00</th>\n",
       "      <td>36.8578</td>\n",
       "      <td>44.4161</td>\n",
       "      <td>16.97</td>\n",
       "      <td>4.0</td>\n",
       "    </tr>\n",
       "    <tr>\n",
       "      <th>2018-10-10 09:08:00</th>\n",
       "      <td>37.4341</td>\n",
       "      <td>35.8520</td>\n",
       "      <td>7.02</td>\n",
       "      <td>4.1</td>\n",
       "    </tr>\n",
       "    <tr>\n",
       "      <th>2018-10-02 15:29:00</th>\n",
       "      <td>37.6878</td>\n",
       "      <td>37.4016</td>\n",
       "      <td>10.27</td>\n",
       "      <td>4.4</td>\n",
       "    </tr>\n",
       "    <tr>\n",
       "      <th>2018-09-28 00:26:00</th>\n",
       "      <td>37.2003</td>\n",
       "      <td>30.4376</td>\n",
       "      <td>78.07</td>\n",
       "      <td>4.0</td>\n",
       "    </tr>\n",
       "    <tr>\n",
       "      <th>2018-09-26 02:52:00</th>\n",
       "      <td>35.6846</td>\n",
       "      <td>26.7266</td>\n",
       "      <td>42.77</td>\n",
       "      <td>4.5</td>\n",
       "    </tr>\n",
       "    <tr>\n",
       "      <th>...</th>\n",
       "      <td>...</td>\n",
       "      <td>...</td>\n",
       "      <td>...</td>\n",
       "      <td>...</td>\n",
       "    </tr>\n",
       "    <tr>\n",
       "      <th>1900-02-06 15:09:00</th>\n",
       "      <td>38.1200</td>\n",
       "      <td>31.2900</td>\n",
       "      <td>10.00</td>\n",
       "      <td>5.7</td>\n",
       "    </tr>\n",
       "    <tr>\n",
       "      <th>1900-01-30 01:00:00</th>\n",
       "      <td>37.8300</td>\n",
       "      <td>27.7100</td>\n",
       "      <td>10.00</td>\n",
       "      <td>4.4</td>\n",
       "    </tr>\n",
       "    <tr>\n",
       "      <th>1900-01-27 02:30:00</th>\n",
       "      <td>37.6300</td>\n",
       "      <td>37.3700</td>\n",
       "      <td>10.00</td>\n",
       "      <td>4.8</td>\n",
       "    </tr>\n",
       "    <tr>\n",
       "      <th>1900-01-24 03:00:00</th>\n",
       "      <td>39.5400</td>\n",
       "      <td>26.1400</td>\n",
       "      <td>10.00</td>\n",
       "      <td>5.2</td>\n",
       "    </tr>\n",
       "    <tr>\n",
       "      <th>1900-01-18 15:30:00</th>\n",
       "      <td>37.7900</td>\n",
       "      <td>28.2100</td>\n",
       "      <td>10.00</td>\n",
       "      <td>4.4</td>\n",
       "    </tr>\n",
       "  </tbody>\n",
       "</table>\n",
       "<p>6574 rows × 4 columns</p>\n",
       "</div>"
      ],
      "text/plain": [
       "                     Latitude  Longitude  Depth  Magnitude\n",
       "Time                                                      \n",
       "2018-10-14 15:08:00   36.8578    44.4161  16.97        4.0\n",
       "2018-10-10 09:08:00   37.4341    35.8520   7.02        4.1\n",
       "2018-10-02 15:29:00   37.6878    37.4016  10.27        4.4\n",
       "2018-09-28 00:26:00   37.2003    30.4376  78.07        4.0\n",
       "2018-09-26 02:52:00   35.6846    26.7266  42.77        4.5\n",
       "...                       ...        ...    ...        ...\n",
       "1900-02-06 15:09:00   38.1200    31.2900  10.00        5.7\n",
       "1900-01-30 01:00:00   37.8300    27.7100  10.00        4.4\n",
       "1900-01-27 02:30:00   37.6300    37.3700  10.00        4.8\n",
       "1900-01-24 03:00:00   39.5400    26.1400  10.00        5.2\n",
       "1900-01-18 15:30:00   37.7900    28.2100  10.00        4.4\n",
       "\n",
       "[6574 rows x 4 columns]"
      ]
     },
     "execution_count": 12,
     "metadata": {},
     "output_type": "execute_result"
    }
   ],
   "source": [
    "# Set Index with Time Column\n",
    "df_data.set_index('Time', inplace=True)\n",
    "df_data"
   ]
  },
  {
   "cell_type": "code",
   "execution_count": 13,
   "id": "e52de5b8-e6d1-4212-9bec-df2716a6ae5d",
   "metadata": {},
   "outputs": [
    {
     "data": {
      "text/html": [
       "<div>\n",
       "<style scoped>\n",
       "    .dataframe tbody tr th:only-of-type {\n",
       "        vertical-align: middle;\n",
       "    }\n",
       "\n",
       "    .dataframe tbody tr th {\n",
       "        vertical-align: top;\n",
       "    }\n",
       "\n",
       "    .dataframe thead th {\n",
       "        text-align: right;\n",
       "    }\n",
       "</style>\n",
       "<table border=\"1\" class=\"dataframe\">\n",
       "  <thead>\n",
       "    <tr style=\"text-align: right;\">\n",
       "      <th></th>\n",
       "      <th>Latitude</th>\n",
       "      <th>Longitude</th>\n",
       "      <th>Depth</th>\n",
       "      <th>Magnitude</th>\n",
       "    </tr>\n",
       "    <tr>\n",
       "      <th>Time</th>\n",
       "      <th></th>\n",
       "      <th></th>\n",
       "      <th></th>\n",
       "      <th></th>\n",
       "    </tr>\n",
       "  </thead>\n",
       "  <tbody>\n",
       "    <tr>\n",
       "      <th>1900-01-18 15:30:00</th>\n",
       "      <td>37.7900</td>\n",
       "      <td>28.2100</td>\n",
       "      <td>10.00</td>\n",
       "      <td>4.4</td>\n",
       "    </tr>\n",
       "    <tr>\n",
       "      <th>1900-01-24 03:00:00</th>\n",
       "      <td>39.5400</td>\n",
       "      <td>26.1400</td>\n",
       "      <td>10.00</td>\n",
       "      <td>5.2</td>\n",
       "    </tr>\n",
       "    <tr>\n",
       "      <th>1900-01-27 02:30:00</th>\n",
       "      <td>37.6300</td>\n",
       "      <td>37.3700</td>\n",
       "      <td>10.00</td>\n",
       "      <td>4.8</td>\n",
       "    </tr>\n",
       "    <tr>\n",
       "      <th>1900-01-30 01:00:00</th>\n",
       "      <td>37.8300</td>\n",
       "      <td>27.7100</td>\n",
       "      <td>10.00</td>\n",
       "      <td>4.4</td>\n",
       "    </tr>\n",
       "    <tr>\n",
       "      <th>1900-02-06 15:09:00</th>\n",
       "      <td>38.1200</td>\n",
       "      <td>31.2900</td>\n",
       "      <td>10.00</td>\n",
       "      <td>5.7</td>\n",
       "    </tr>\n",
       "    <tr>\n",
       "      <th>...</th>\n",
       "      <td>...</td>\n",
       "      <td>...</td>\n",
       "      <td>...</td>\n",
       "      <td>...</td>\n",
       "    </tr>\n",
       "    <tr>\n",
       "      <th>2018-09-26 02:52:00</th>\n",
       "      <td>35.6846</td>\n",
       "      <td>26.7266</td>\n",
       "      <td>42.77</td>\n",
       "      <td>4.5</td>\n",
       "    </tr>\n",
       "    <tr>\n",
       "      <th>2018-09-28 00:26:00</th>\n",
       "      <td>37.2003</td>\n",
       "      <td>30.4376</td>\n",
       "      <td>78.07</td>\n",
       "      <td>4.0</td>\n",
       "    </tr>\n",
       "    <tr>\n",
       "      <th>2018-10-02 15:29:00</th>\n",
       "      <td>37.6878</td>\n",
       "      <td>37.4016</td>\n",
       "      <td>10.27</td>\n",
       "      <td>4.4</td>\n",
       "    </tr>\n",
       "    <tr>\n",
       "      <th>2018-10-10 09:08:00</th>\n",
       "      <td>37.4341</td>\n",
       "      <td>35.8520</td>\n",
       "      <td>7.02</td>\n",
       "      <td>4.1</td>\n",
       "    </tr>\n",
       "    <tr>\n",
       "      <th>2018-10-14 15:08:00</th>\n",
       "      <td>36.8578</td>\n",
       "      <td>44.4161</td>\n",
       "      <td>16.97</td>\n",
       "      <td>4.0</td>\n",
       "    </tr>\n",
       "  </tbody>\n",
       "</table>\n",
       "<p>6574 rows × 4 columns</p>\n",
       "</div>"
      ],
      "text/plain": [
       "                     Latitude  Longitude  Depth  Magnitude\n",
       "Time                                                      \n",
       "1900-01-18 15:30:00   37.7900    28.2100  10.00        4.4\n",
       "1900-01-24 03:00:00   39.5400    26.1400  10.00        5.2\n",
       "1900-01-27 02:30:00   37.6300    37.3700  10.00        4.8\n",
       "1900-01-30 01:00:00   37.8300    27.7100  10.00        4.4\n",
       "1900-02-06 15:09:00   38.1200    31.2900  10.00        5.7\n",
       "...                       ...        ...    ...        ...\n",
       "2018-09-26 02:52:00   35.6846    26.7266  42.77        4.5\n",
       "2018-09-28 00:26:00   37.2003    30.4376  78.07        4.0\n",
       "2018-10-02 15:29:00   37.6878    37.4016  10.27        4.4\n",
       "2018-10-10 09:08:00   37.4341    35.8520   7.02        4.1\n",
       "2018-10-14 15:08:00   36.8578    44.4161  16.97        4.0\n",
       "\n",
       "[6574 rows x 4 columns]"
      ]
     },
     "execution_count": 13,
     "metadata": {},
     "output_type": "execute_result"
    }
   ],
   "source": [
    "# Sort Data with Index\n",
    "df_data.sort_index(inplace=True)\n",
    "df_data"
   ]
  },
  {
   "cell_type": "code",
   "execution_count": 14,
   "id": "8912880c-72d8-4706-8535-d69e7cc7e604",
   "metadata": {},
   "outputs": [
    {
     "data": {
      "text/html": [
       "<div>\n",
       "<style scoped>\n",
       "    .dataframe tbody tr th:only-of-type {\n",
       "        vertical-align: middle;\n",
       "    }\n",
       "\n",
       "    .dataframe tbody tr th {\n",
       "        vertical-align: top;\n",
       "    }\n",
       "\n",
       "    .dataframe thead th {\n",
       "        text-align: right;\n",
       "    }\n",
       "</style>\n",
       "<table border=\"1\" class=\"dataframe\">\n",
       "  <thead>\n",
       "    <tr style=\"text-align: right;\">\n",
       "      <th></th>\n",
       "      <th>Latitude</th>\n",
       "      <th>Longitude</th>\n",
       "      <th>Depth</th>\n",
       "      <th>Magnitude</th>\n",
       "    </tr>\n",
       "    <tr>\n",
       "      <th>Time</th>\n",
       "      <th></th>\n",
       "      <th></th>\n",
       "      <th></th>\n",
       "      <th></th>\n",
       "    </tr>\n",
       "  </thead>\n",
       "  <tbody>\n",
       "    <tr>\n",
       "      <th>1900-01-18 15:30:00</th>\n",
       "      <td>37.7900</td>\n",
       "      <td>28.2100</td>\n",
       "      <td>10.00</td>\n",
       "      <td>4.4</td>\n",
       "    </tr>\n",
       "    <tr>\n",
       "      <th>1900-01-24 03:00:00</th>\n",
       "      <td>39.5400</td>\n",
       "      <td>26.1400</td>\n",
       "      <td>10.00</td>\n",
       "      <td>5.2</td>\n",
       "    </tr>\n",
       "    <tr>\n",
       "      <th>1900-01-27 02:30:00</th>\n",
       "      <td>37.6300</td>\n",
       "      <td>37.3700</td>\n",
       "      <td>10.00</td>\n",
       "      <td>4.8</td>\n",
       "    </tr>\n",
       "    <tr>\n",
       "      <th>1900-01-30 01:00:00</th>\n",
       "      <td>37.8300</td>\n",
       "      <td>27.7100</td>\n",
       "      <td>10.00</td>\n",
       "      <td>4.4</td>\n",
       "    </tr>\n",
       "    <tr>\n",
       "      <th>1900-02-06 15:09:00</th>\n",
       "      <td>38.1200</td>\n",
       "      <td>31.2900</td>\n",
       "      <td>10.00</td>\n",
       "      <td>5.7</td>\n",
       "    </tr>\n",
       "    <tr>\n",
       "      <th>...</th>\n",
       "      <td>...</td>\n",
       "      <td>...</td>\n",
       "      <td>...</td>\n",
       "      <td>...</td>\n",
       "    </tr>\n",
       "    <tr>\n",
       "      <th>2018-09-26 02:52:00</th>\n",
       "      <td>35.6846</td>\n",
       "      <td>26.7266</td>\n",
       "      <td>42.77</td>\n",
       "      <td>4.5</td>\n",
       "    </tr>\n",
       "    <tr>\n",
       "      <th>2018-09-28 00:26:00</th>\n",
       "      <td>37.2003</td>\n",
       "      <td>30.4376</td>\n",
       "      <td>78.07</td>\n",
       "      <td>4.0</td>\n",
       "    </tr>\n",
       "    <tr>\n",
       "      <th>2018-10-02 15:29:00</th>\n",
       "      <td>37.6878</td>\n",
       "      <td>37.4016</td>\n",
       "      <td>10.27</td>\n",
       "      <td>4.4</td>\n",
       "    </tr>\n",
       "    <tr>\n",
       "      <th>2018-10-10 09:08:00</th>\n",
       "      <td>37.4341</td>\n",
       "      <td>35.8520</td>\n",
       "      <td>7.02</td>\n",
       "      <td>4.1</td>\n",
       "    </tr>\n",
       "    <tr>\n",
       "      <th>2018-10-14 15:08:00</th>\n",
       "      <td>36.8578</td>\n",
       "      <td>44.4161</td>\n",
       "      <td>16.97</td>\n",
       "      <td>4.0</td>\n",
       "    </tr>\n",
       "  </tbody>\n",
       "</table>\n",
       "<p>6572 rows × 4 columns</p>\n",
       "</div>"
      ],
      "text/plain": [
       "                     Latitude  Longitude  Depth  Magnitude\n",
       "Time                                                      \n",
       "1900-01-18 15:30:00   37.7900    28.2100  10.00        4.4\n",
       "1900-01-24 03:00:00   39.5400    26.1400  10.00        5.2\n",
       "1900-01-27 02:30:00   37.6300    37.3700  10.00        4.8\n",
       "1900-01-30 01:00:00   37.8300    27.7100  10.00        4.4\n",
       "1900-02-06 15:09:00   38.1200    31.2900  10.00        5.7\n",
       "...                       ...        ...    ...        ...\n",
       "2018-09-26 02:52:00   35.6846    26.7266  42.77        4.5\n",
       "2018-09-28 00:26:00   37.2003    30.4376  78.07        4.0\n",
       "2018-10-02 15:29:00   37.6878    37.4016  10.27        4.4\n",
       "2018-10-10 09:08:00   37.4341    35.8520   7.02        4.1\n",
       "2018-10-14 15:08:00   36.8578    44.4161  16.97        4.0\n",
       "\n",
       "[6572 rows x 4 columns]"
      ]
     },
     "execution_count": 14,
     "metadata": {},
     "output_type": "execute_result"
    }
   ],
   "source": [
    "# Remove Duplicate Rows\n",
    "df_data = df_data[~df_data.index.duplicated(keep='first')]\n",
    "df_data"
   ]
  },
  {
   "cell_type": "code",
   "execution_count": 15,
   "id": "7152e15a-a9ba-4585-86de-8b15073c55e1",
   "metadata": {},
   "outputs": [
    {
     "data": {
      "text/html": [
       "<div>\n",
       "<style scoped>\n",
       "    .dataframe tbody tr th:only-of-type {\n",
       "        vertical-align: middle;\n",
       "    }\n",
       "\n",
       "    .dataframe tbody tr th {\n",
       "        vertical-align: top;\n",
       "    }\n",
       "\n",
       "    .dataframe thead th {\n",
       "        text-align: right;\n",
       "    }\n",
       "</style>\n",
       "<table border=\"1\" class=\"dataframe\">\n",
       "  <thead>\n",
       "    <tr style=\"text-align: right;\">\n",
       "      <th></th>\n",
       "      <th>Latitude</th>\n",
       "      <th>Longitude</th>\n",
       "      <th>Depth</th>\n",
       "      <th>Magnitude</th>\n",
       "    </tr>\n",
       "    <tr>\n",
       "      <th>Time</th>\n",
       "      <th></th>\n",
       "      <th></th>\n",
       "      <th></th>\n",
       "      <th></th>\n",
       "    </tr>\n",
       "  </thead>\n",
       "  <tbody>\n",
       "    <tr>\n",
       "      <th>1900-01-18 15:30:00</th>\n",
       "      <td>37.7900</td>\n",
       "      <td>28.2100</td>\n",
       "      <td>10.00</td>\n",
       "      <td>4.4</td>\n",
       "    </tr>\n",
       "    <tr>\n",
       "      <th>1900-01-24 03:00:00</th>\n",
       "      <td>39.5400</td>\n",
       "      <td>26.1400</td>\n",
       "      <td>10.00</td>\n",
       "      <td>5.2</td>\n",
       "    </tr>\n",
       "    <tr>\n",
       "      <th>1900-01-27 02:30:00</th>\n",
       "      <td>37.6300</td>\n",
       "      <td>37.3700</td>\n",
       "      <td>10.00</td>\n",
       "      <td>4.8</td>\n",
       "    </tr>\n",
       "    <tr>\n",
       "      <th>1900-01-30 01:00:00</th>\n",
       "      <td>37.8300</td>\n",
       "      <td>27.7100</td>\n",
       "      <td>10.00</td>\n",
       "      <td>4.4</td>\n",
       "    </tr>\n",
       "    <tr>\n",
       "      <th>1900-02-06 15:09:00</th>\n",
       "      <td>38.1200</td>\n",
       "      <td>31.2900</td>\n",
       "      <td>10.00</td>\n",
       "      <td>5.7</td>\n",
       "    </tr>\n",
       "    <tr>\n",
       "      <th>...</th>\n",
       "      <td>...</td>\n",
       "      <td>...</td>\n",
       "      <td>...</td>\n",
       "      <td>...</td>\n",
       "    </tr>\n",
       "    <tr>\n",
       "      <th>2018-09-26 02:52:00</th>\n",
       "      <td>35.6846</td>\n",
       "      <td>26.7266</td>\n",
       "      <td>42.77</td>\n",
       "      <td>4.5</td>\n",
       "    </tr>\n",
       "    <tr>\n",
       "      <th>2018-09-28 00:26:00</th>\n",
       "      <td>37.2003</td>\n",
       "      <td>30.4376</td>\n",
       "      <td>78.07</td>\n",
       "      <td>4.0</td>\n",
       "    </tr>\n",
       "    <tr>\n",
       "      <th>2018-10-02 15:29:00</th>\n",
       "      <td>37.6878</td>\n",
       "      <td>37.4016</td>\n",
       "      <td>10.27</td>\n",
       "      <td>4.4</td>\n",
       "    </tr>\n",
       "    <tr>\n",
       "      <th>2018-10-10 09:08:00</th>\n",
       "      <td>37.4341</td>\n",
       "      <td>35.8520</td>\n",
       "      <td>7.02</td>\n",
       "      <td>4.1</td>\n",
       "    </tr>\n",
       "    <tr>\n",
       "      <th>2018-10-14 15:08:00</th>\n",
       "      <td>36.8578</td>\n",
       "      <td>44.4161</td>\n",
       "      <td>16.97</td>\n",
       "      <td>4.0</td>\n",
       "    </tr>\n",
       "  </tbody>\n",
       "</table>\n",
       "<p>6572 rows × 4 columns</p>\n",
       "</div>"
      ],
      "text/plain": [
       "                     Latitude  Longitude  Depth  Magnitude\n",
       "Time                                                      \n",
       "1900-01-18 15:30:00   37.7900    28.2100  10.00        4.4\n",
       "1900-01-24 03:00:00   39.5400    26.1400  10.00        5.2\n",
       "1900-01-27 02:30:00   37.6300    37.3700  10.00        4.8\n",
       "1900-01-30 01:00:00   37.8300    27.7100  10.00        4.4\n",
       "1900-02-06 15:09:00   38.1200    31.2900  10.00        5.7\n",
       "...                       ...        ...    ...        ...\n",
       "2018-09-26 02:52:00   35.6846    26.7266  42.77        4.5\n",
       "2018-09-28 00:26:00   37.2003    30.4376  78.07        4.0\n",
       "2018-10-02 15:29:00   37.6878    37.4016  10.27        4.4\n",
       "2018-10-10 09:08:00   37.4341    35.8520   7.02        4.1\n",
       "2018-10-14 15:08:00   36.8578    44.4161  16.97        4.0\n",
       "\n",
       "[6572 rows x 4 columns]"
      ]
     },
     "execution_count": 15,
     "metadata": {},
     "output_type": "execute_result"
    }
   ],
   "source": [
    "# Index convert type to DateTime Object\n",
    "df_data.index = pd.DatetimeIndex(df_data.index)\n",
    "df_data"
   ]
  },
  {
   "cell_type": "code",
   "execution_count": 16,
   "id": "b1838bf6-69dd-4bca-bf0d-93a36f44ac7b",
   "metadata": {},
   "outputs": [
    {
     "name": "stdout",
     "output_type": "stream",
     "text": [
      "<class 'pandas.core.frame.DataFrame'>\n",
      "DatetimeIndex: 6572 entries, 1900-01-18 15:30:00 to 2018-10-14 15:08:00\n",
      "Data columns (total 4 columns):\n",
      " #   Column     Non-Null Count  Dtype  \n",
      "---  ------     --------------  -----  \n",
